20
35277 38250 2 199 1349 28136 16549 49 90 40 96
9870 591 100 109 1000000 46 313 37 25 63 70
5726 4567 144 121 1000000 454 3685 99 81 46 52
39078 39880 20882 20735 3 22243 24336 53 36 6 40
36478 39536 170 1 1442 22516 31242 4 70 37 6
196 827 117 730 108 131 477 41 72 11 66
6 10 3 2 2 0 0 5 4 3 2
21995 37911 1150 1245 833 47 23529 19 74 87 95
39353 39838 20565 20767 3 35517 37854 90 60 17 84
490 844 318 332 275 241 434 79 99 34 80
39527 38179 294 327 1000000 12899 20050 56 52 99 46
4 4 1 1 3 1 1 2 2 2 2
4 4 2 2 1 0 2 1 2 3 4
28557 13495 1138 1991 385 23252 10801 56 19 77 36
35728 35276 139 460 1000000 14745 27690 33 97 8 69
5134 2621 141 183 1000000 2309 282 36 56 66 26
36598 39593 9 164 1449 27518 12034 65 2 51 34
6503 8478 146 197 1000000 332 8138 33 8 90 43
39843 39881 20522 20114 3 11897 5279 74 89 96 58
14 15 12 4 4 3 5 84 74 53 68
